RERUM INDEX. 107

4 411144411444 domat 1, 91, Euboe· 1, 4, 1.

um (144444414444 gerit 1,11,1, 11444444444414444441 1, 1, 1.

44144 (bid. 44444 1114. 1. Euphraten 4444444144444444444 1, 11,

1114411 4111441, 111, 4. 4441· 41414441414144114 Caluo 044444
14ηὲ4144444 :Hfftiffromloooeom 4344 ²rego Portgorum colloquitur 1,
. oum 44 , . .

ooo conlurat 4 444444 4, 4444144 poeto 4, 44, 4.

(¹29, 2.) 1444444 C. 1144441444 dominum 144444
1114144444414, 11441444 14 444- 141441411 et 441444 44 1 um 1,1,1.

444111,19,1. 144141444144414441,11, .
ί441445114444414 11. 4441114 1444441411.

n ί4 4 ·

41444 Pompeius 1444444411 1,

4144 4441414 14441441, 11, 1. F,

1414 11. 1144144 14314444- 44144

⁶9» 3· c. 141144 Dorso 044. 1, 14, 1.
E· Q. 141144 1444114414111444444141444
44444444ῐίοί ρ1414144·44444444
4 4 · 4 4 ·

magogas& castrorum vm (1.214511ΞᾹ11. Allobrogicus, 4144 ol. 1,
om 4441441, 91, 1. 19, 1. 11, 1.

11441441, 11, 1. 1414414414, 4414414 4444414 1, 11, 4.
114144 4441114 144444 populo c. 1444144, 444144 1,1,1. 1,11,1.
414444144444 1, 91, 1. 1444144- 1444144 Caepio 14 Augustum coniurat
4 4444414144, Augustum 1441441· 1, 91, 1, 11, 1.
141411 114444441444411441114. 14444114, 1141411111 41414414 44114414·
44 14144 4444144144 4444414144 414 41 01444414 41444 1, 18, 1.
1 4 Sentio 8414441444444414 14444144, 4444144144 Pompeii M. 444444
etur 1,11,1. 141444111, 1.
0444114 44444 1, 1, 1. felix, cognomen 414114 assumptum,
nrum certamen 4141. 0444444 11, 4.

2, ⁵⁶2 ¹· 14114144 1144111144 1144414444 1144444411
4414, o 4444441114 11144 41414, 4144444411,1,1.
ginon condit 1, 1, 4. 11444114 M. Luculli 4411441441444414·
11144 1, 8, 1. 144 41414414 4411114 111, 1.

1, 1. 11444444 colonio 1, 14, 7.

41 1441144 4444114 1, 4, 1. 1144444. 414. 1414144. Pomponius. Va·
4 Thesproti· 1, 1, 11414444, 144144.

044141144414141, 1, 1. 114144 1114114 1, 11, 1111. 41, 1.
1144411441,41,1. C. 1144144 11441414 voertam 11444444
4144414, 44111114 1114, oocu- 1414414411, 4144 4444411444 occupat 1,
,1, 1. 14, 1. 11111414414444 pellit 1114. ne
,4414414 4444414 1,11,1. 144441414414114114.

1. 0444444 popolo 44144 1, 114444 1144441144, 14114141. 14144444-
4 Sox. Pompelo pout potem 411441114414 1144444444, 4 rep. oub-
11444444 1, n, 1. 441414044- 444144 1, 111, 1.
4411444444 rog! 1, 101, 1. 1144411444 1444444414111444 1,14, 1.
414144 4414814144, 114444, 4141441144.
· 141144144 1444 4441114141, 144444 torpe 11. Pompeii 41 11444141
41. 1441414. oum 1444411414 1,1, 4. 4444144444
4 Euboea Atheniensium 4414· mo. 1. 1, 11, 1.

44 l·. 144141441444144 14441111 4444414414 41 <

4114411444444114 1, 4, 1. 144414414 44414441, 11, 1.
11114444 archontum decennnium 14441441144141141444 recepti 1, 14, 1.
sorum August! 1114114 victorum sontium

144444 444444 44441144 1414441 4444411444 1, 11, 1.
ostrum 444 1444414414444,4144444

 

