108 RERUM INDEX.

8118 8818811111, 81181811 881111181181· 118, 1. 111, 1. 3. 111, 1111
emple 1, 8,1. 1. 118, 1.

1118381188 8181818 8 L. 0118118 1, 8, 3. 881111183811181 1, 11, 1.

11838188, 8818118 deducte 1, 11, 1. (1811181118. Lollium 818118 111

1111118, 11. Antonii 11181, 1818118888- 87,1.181811811 1, 180, 1. 81
81181 1, 71, 3. Praeneste occupet 188 1,1(18,1.111, 1. 1131
11111.118118888811111,18,1. clade 81181811 1, 117 sqq,

8. Fulvius 81888118 88111811 88111 1,8, 8811811111 (bed. 3. versuti
1. 1188181188 88118381881881118118- Vero struunt 1, 118, 1. Va
18118818118188188811818818 1181- semiustum 18881811 1, 118
118 ,18111118 11111. 1, t.

o. 1111111 111881, 8188 8111 8818818 811118111111118118818111181
8181811111. 6 1181, 1 eq.

Gn. 81111111.,118188118181, 8118118 Germanus 8811181811188811
8818818 881818 118118 18111. 818111,18,3.

111. 18111118 1188888 Coe. 1, 11, 8. 81188 (18111811881111811811 1, 81,1
8818818118 81 1818111818 81 0111118 (1811111181 1111118 11 181181
8111118118 818118 1, 6, 8. 8. 1,118,1.11(1811118111111 11

(1. 1811188 11, 81118 fil„ 18381118 111 113, 1. seditionem legionum
Optmium de peee 1118888, 81) 8811 1,118,1,1.1111111118 11111111
88188181888188 1, 7, 1. 111188 8111 Tiberio 1, 118,1

M. Fulvius 118111181, 8818111 1, 18, 1. 118888111811118181118 118181ι
Aetoliam 81118311 1, 38, 8. tn 1111811811188 provincia

fundent 11811118181118881111, 11, t. 11111. 3.

188181 gernum· 88118118 ob fugem 1, 8ὶ1ὂ81111181111188888811811
1, . ,1.

Gladiatoria 181188 cepueef
G. gladiatorium 8888888881111
18388111, 118, 1.

Α. (18111111 1111. pleb. lex 118 Cn. Pom· Gl⁸d¹⁸t⁰¹e⁸ ², ³⁰, ὓς 58. ²·
18188811111118118881111118118 extre- Gltuclt· ”td- Servihue.
8111118118 8111181118 1, 11, 1. Glaucum ultavit 1181888 1,

(18888 1, 1, 1. (1188818188183881, 13,1.

881. (11111, 818181 1, 17, 1.1, 8, 1. ’111, 1111881118 1111. pleb„ 811

(181188888,8111.1).Β18188. 183811811811181881, 1, l

(1811181,18,8.1,17,3.83,1, 181,4, 8181 81 8188881 18888118
8111111 1, 11, 1. primum 11111188 1 1113. ¹· 8188 actione· tribunt
1111111118 81 88118 1, 38, l. 8 cum 8 Ρ. Scipione 1188188811]
ἳὲιέεὶωδίιιῗηέιῖω111181111111111ά1118ῗ8811ω1ΐ (1311188ἓῖ8 1138818881111818
818188 1,11,8. 8111811 111118111811· 1111113111 egri! (1111181818
perte epettum 1181838188 1, 481. 813881808888118388 1,

D. Bruto 88818188 1, 88, 8111111. 183811118181118 8111881818

311818 118118188 1, 87, 1. 8 Tiberio 11 d· ³. 81101118118811181
11118188 1, 111, 1. 8811111 88111118 81 381111. 811111 18388 de 88181
8811818 com 88118 1, 111, 1. 3. 1188. 113ΙὶΙῦ deducendi! 1, 15,
(1811181 11188111 1 1. 88881118 8111818188 11111111, 31, 1 8, 1.
8811111 1, 881. 81188111111181811811381111
8811831888188188111181818818 8881118 1. 8811. 1, 8, 1. 81818181
1. 88, 1. 18, 1.8811.1,8, 1.
(18111 1,11, 1. 1.1,117,8. (1181111118 81818, 888181 nom.
1181181881 8 181. 8888818 81 8888811111 1, 131,1.
1111818118 2⁴⁷2 ¹· 11111111181
8811181 lllyriorum 181 11 triumpho 8188881811 1118181811 tn 111
duetus 1, 8, 8. 18111118 perfectio 8138118
(1811181181, 37, 1. 3. 1. 88, 1. 188, l. 818118 11181888 1, 18, 3 eq(
181, 1, 3. 8. 188, 1. 3. 138, 1. 188, 181811881,1,3. 818881 1,
8188, 1. 118, t. 118, 3. 111, 1.3.1. 8,1.

 

