RERUM INDEX.

1 6. 61 August! 1666611616 ordinantur

1 61116116 21616.

1 1661666166 1616116 61 66166 Graecorum

¹ cgggemrhffi 6161. 11111111
oppugnata 2, 68, 2.

166616 61116 urbem 6616 11166611 11166
611 16616461661666666 16661616116 6616
1 6, .

16616ῆὲ 666616 6616 6 1116116 2,
l 1

6611161611 16 Caesarem 2, 62, 6. 66, 3.
capreorum occupant 2,. 68, 2. 1666
6616666661 11111, 3. lege Pedia da·
166611 266, 5. nonnullorum 6111662,
81, 2 eq. coll. 2, 61,1.68,1.

6666661666 August! 2, 126, 1.

666661 Romanus grtmue 6 6111111166
6616 16161166166 , 26, 1. 66166 Pom·
66166 2,11, 6.

6666616166 1116611 661116116611 2, 12,
:t sqq. undecim Augueti 2, 86, 6.

6661161116 16 1116666162, 6, 2.

(1666611 6161661 16 Plancum 2, 86, 1.

66166166 2, 16, 6. 66, 1.

6611611116,6611.1666 1, 18, 6,

6661611111, 12, 1.

6611611166 t, 2, 1. 61116 6611616 1,3
3, ab Alete coudtta tbr'd. claustra
Peloponnesi 666116666 11111, 6161666
Mummio l, 16, l. Syracusae 666-
11111ἐ14 23, 7, 6. 61 Agrippa occupata

Cur’uelta, ,11116661 6116, Gracchorum
1116161 2, 6, 1.

.. 6666611116ςηὶ 6161266, 8.

tonstrua. 6111.1.66111166.861616. 1161166.

1.. 6616611116 Merula, 66666 1116116,
consul 66666166 2, 26, 6. 666661616
66 6111166161 cinnae 111666 16161661-
161 2, 22, 2.

2. 6616611661166666 666. 1, 11, 6. 6
6161611166 861166 2, 11, 2.

1.. 6616611116 86116, 6611661 2, 11, 1.
6166 meree 11111. 2, 26, 3. 16161116 2,
11, 2. quaestor c. 1116611 16 61116 66·
11161 2,12, 1. 61661166 66616616
661116 2, 11, t. 6661 praeturam 116116
1161166 11166116166 2, 16, 61111. 11,
3. 2661611166 666666612, 16, 2. 1161
aunum agene 666661 166166 2, 11, 3.
Aetam provinciam 61 1611661 111111111-
daticum 66111166 2, 18, 1. 61166116-
1661 11616611 1166661616 61). Ι86161616
abrogatur 11111. Martum et 8616161661
urbe exturbat 2, 18, 11611166 616111
61 616666 666166116666 16 16616616
Achata 1661611 2, 26, 6. 1111166116
6166166166 1661111, Athenae 1661611

105

11111. 16 ,161661 116666166666 Mithridati

graver 66616 teges 11666611 16111. 6.

61666616 161161166 sutura 616611161-

161 2, 21, 8. 1611661 11111116666661

61 domesticos 1611161166 666 6161611

11111. 1. 11611661 661666 6616 quteta

peragrat, pacemque tentat 2, 26, 1.

6166 616161166661166 11111. 2. superat

etrca capuam 8616166661 61 Norba·

6661 11111.11166161116 6616 61 6661 11-

61611661 16111. 2, 11, 1. 8611611661

11161611 2, 26, 3. Dianae Tttatinae
6166 61661111 11111. 1. Martum

611616 ax 866116611661 116611 2. 26,
1. 28, l. 6661 Pontio Telesino 611
6611616 6611111661 66611166 1111616612,
21, 1 eq. 16166161 66661 abscisum
61166 Praeneste 16111 166611 11111. 2.
1116116 6116 1616166116 6611616 nomen
61166611 11111166. Vtetortae 161166
1666161111111. 6. 61616161166166 616-
16116661666111666 6161661 2, 28,
1111161116616
6161661 ’1616116611 2, 66, 1. 616166

66111111,11161111116611,1,

661666 66166 1161661116 6666 16 116116·
tionem 11666111 2, 82, 1. 61666166

13116666 6616 2, 81, 2. 1661662661-

1161161111161111
66166 1, 12, 8.

ωἱροᾶ676166616166 1611161116 6616616

’1166666666166 116616 66166, 61 66611·
161 66116166 2, 128, 2.

corvinus. 1111. 11666116.

cure, 6616616 66116616 1, 11, 6.

666666 16 1111166 11166616116 61 cogno
1666 metult 2, 116, 2.

6611161666 16 Bacchi 1161116 2, 82, 1.

661161661666111 166666 aequaliter tuter
utrumque 61616661 66611166 2, 12, 8.

66116 6666616116 66611161 2, 13, 1.

66116, 6161612, 36, 2.

66116, 1166161161 1161612, 112, 2.

Cotye, Thracium, 66166666611661166
16161666166 2, 1211, 1.

6166616666 exercitur 2, 82, 2.

6166666 1116616666, 16611 66166116ιί666,
61 6116166166 161616661662, 1, 1.

11. 6666666, 616161 2. 9, 1. ³6, 2.

11. 6166666 161166 Spartacium 661161
2, 66, 6. 6661616166 potentiae eun
6666616611166166161611 2,11, 1 tq.
666611 turnucum Pompeio 2, 16,1.
Syrte et 16111161 Parthicum motteutt
decreta 11111. 2. 6166 66166 11111. 16

 

