RERUM INDEX. 108

81188 1, 8, 8. 11888111 1, 7, 1. vocat 4818118 1881
:i 1, 17, 4. 8818181888 uuae 1811118 1, 8, 8. 8118
8111188 1, 11, 4. laus et 8118 1, 8.
colonia 18118111, 18, 2. Q. Horten ιιι, 811181 2, 88, 2. 8188
4181181 2, 18, 2. mors 1818 88118·
11, 118811111881811118 2, 48, 8
Hortensius, 8181 11181, 18 proelio 11111·

1, 44, 7 18, 4, 4, 24, 2, 112288118111271, 2

8111 tertium a 11881 ’11211488 30111 3081811881 3 ³⁰ ³·
2, 27,1. 811881881811881 8881111188118.811.811111.

18, l. 1181111188 Manciam turpe foedus cum
Tuscus 2, 7, 2, 1444824444 1188181181118112, 1, 4. 88, 8. 1811

²[nde 8888 instante monent 2858228111· 1111 ιιι receptus 2.

88818181. 4818818818818881 -
nomam, 12,.ι 1.
ad Pontum Euxinum 11881111- 1188111881881 14881188 81188882 88,8.
40, l. 1881112, 48, 1.
11,8, 1. quo tem ore Pelo 1881188 88ι81, 4, 8.
111818122181181 1 1. 1188 81811118, (411881 818811 necata·
eum 88118 1881111 captum 2, 8812, 88, 8. 87, 2.
148818ι281818811182 181,1.
1, 2, 1. 8, 8, 8, 8. 012821· 11118818828111, 8, 2.
2811181888 1181811,8,2. 11188 1, 8, 8
111112, 188, l. 188, 8 1111118882, 88, 8. 78, 2. 188,8.112,.2
818181 18181 1111888 18888 118, 8. 1284. 128, 2..8
lllyriorum rex 88811181, 8, 8.
,Menelai et Helenae 8118,18281118111ιιοιιι8ι 18 exercitu 11188
218188112888 81818211 1, 2, 24, 1. 88, 2. 888 Augusto 18818
8118881811188 2, 128, 4.
ιι1 2, 1882. 18 888811888818111118811811188
ιιι 81 181111, 7, 1 4881 2, 114, 2. neverum 8. 11818111
,1111881,8814811881118,481 878008071101’18 81121811 2, 8 2.
Ῑιι 118118 condiderunt, dux 1, 18818188881811111881881812, 18, 1.
Interamna, 881881118118111, 14, 4.
Aleti· Corinth! 1028110114, 18181118818 148112814882, 4'8,1.88‚8.
33· 13 l· 188181 Ιοιιιιιιι ex ,411181 18 41118
,.18,2 88, 2. migrantluml, 4, 8. 1888888188118
ι’12181118 1818 88111812, 1, 3, 3, 4, 3,
2,4, 188111, 4, 8.
1, 2, 4. 12,8. 2, l. ³ 4, 2· 1211118418818101182181881,8,1.
88, 28 48,8 81, 2 3183 111811881811881111121.
72, 4 78,1 78,8. 182, 8. 1188118818148818111888881881111181
universa 2181111811 1181411) oratorum Graecorum 88188 1,18,4.
12, 38, 4. 88, l· 4. ΙΙ111888 1111424211, 3, 3
1811.81Ρ.881218818ι112,1181181,1,4,,114282
8, 2. 811188181881111881888 4, 4, 7, 8141, 2ο,’,
’88, 4 8⁰, 2 14 1111218118 4. 28. .
8188181182, 48, l. 1018
1118821181
2,,81,’.’211112811288,8 8.1⁰8,811⁰''.’',8.811
88111111882811221111818111·ιηιιῳοιιιιιιιιιιω 1³.³·
811112, 88, 21111218188814 Italicum 881118814881188. 8118 811-
48148. 1182182 sq 18188 Romanorum
8818818818811881811111111 1888 1411. 4. 2, 18,2814.118118ο·
οι18ι8811, 17, 2. rum 18881 2, 18, 1 8111181881
ιι Romae 181181881811881 8188th quomodo compositum 41111.

 

