RERUM INDEX. 117

6681881168 86188 2, 62, 2 sq. 68, l. Polybius Selplonls 868188 681681668 1,
Phidippus Ephyram 18 1688616118 668- 16, 6.

6111,1, l. Pompeianae 611188 2, 61, 2. 62, 1. 6.
Philemo 66618 1, 16, 6. 66, l. 76, 1. ,
61116612, 76, 1. 1868681881 66861116888 68618 8 6888818
61116611 campi 2, 66, 2. 868 recipiunt 2, 46, tuq. 18 1111188
2611121168, 11186866 1, 11, 1. vitricus 18111112, 64, 2. os, 1. 116111618688
8818 1616, 81 18 1118688181616. 686.
philosophi 1168181161 18 81181681 188166 1601118161112οΙ1ὶ1112ῐξιε1ηῃε1661111611,ΙΙ ‘gul-zu?

118 86811681 1661688188 1, 16, 4. 61881688818188181881611186881 1616.
Phocaea, lonum 6616818 1, 4, 611188· 6. 18118181 0818116 2, 62, 6661.
8111881 668611 2, 7, 6. 1881116881 Sex. pompelum 2, 76, 2.
Ι6111868188, 016618 61168, Ρ8111161681188, Pompeiani nortl 86 Antonio 66888881
8118816816 8168811618, cepit 2111, 1. 2, 66, 6.
Picentes 2, 66, 6. 28186811 6168 2, 16, 2.
Ρ1888861661681 missi 1,16, 6. Picenus 2686816188 1881111882, 21, 4.
eger 2, 21, l. Pompeii clientelis re· Q. Pompelus 6118188 8Ρ611168118 668861
181188 2, 26, 1. cum 68. 68111Ιὶ62, 1, 4.21,4.18168
1616188 1, 17, 4. 1686686181116818811818186112,1,4.
indutus l, 16, 2. 86, 6. 66 61811881 1186681168 2, 1, 6.
1888188, Pannoniorum 6611 2, 116, 4. 11. 661116818681118 8668668881 2, 17,1.
886188 8 1161118818 2, 114, 4. 21,1.8188 61168881188 6888116181661·
11881 661168 81681116888 2, 26. 6. 161218,2,1688 86 88818116886111686
iratorum 1886188118 81 6188118 2, 61, 18181681181,8881618 68. Pompelo 2,
2. ll 8 Pompeio 6168818 111811 eollo· 26, 1.
6811 2, 62, 4 sqq. lul. Caesonem 68- en, Pom 8168, negot 68181 2, 16, 6.
61881 188881 2, 42, l. 86 6686861181 21, 1. 26, l. 1816
61681 881611 2, 42, 2 sqq. 2, 16, 4. 16, 1 1, 1. 26, l. 8861116-
1181168 8681818 Sex. Pompell 2, 76, 2. 8881 1811118811811. Pompeium 8881181
8881681,66168181, 15, 2. 2, 26, l. 81861818 18181 6188881 81

Octaviani 2, 59, 6. 66, l.
Philo 1186111168688861 1, 14, 4.

81118168118 8661811 ’

ll. Piso, 6688818118 2, 41, 2.

11. Piso 6811818 ’1618616881 8681611811
2, 66, l. 6188188188 81611616. 8188
ingenium 81 1116188 1616. 2.

2188 18116811881 868181812, 166, 6,
lus, cognomen Metelli 2, 16, 4.
18688118, 6616818 1, 14,·1.
laneus, 86188 6681 66, 6. 186166 616·
61161 l. 888861 designatus eum
1). Bruto 66, 6. 8188 61661161 8118-
8161816164, 1.1)161168Ρ188888, 118181,
8161688116818161,81118811111181681181
67, 2. triumphans 8681686166 1111888
1616. 68111818 Α8161118881681 8618161

74, 6. 1611188 616166188118 66818876,
2. 8888818161 6186681188 86618-
16811116181188 668668818811881861 re·
1681 1111818181 16111. refrigeratus 86 An-
tonlo 6618618881188818611 86 0818·
11818 161112. absentem ,181681681 18
888818 1888881 1616. 6. Augusti eog-
nomen 061811886 dandum 88888161
l. 8188 8888618 65, 6. “
188188 l, 17, 4.

1816 1, 16, 4.

1881168 81118888 112, 4.
161168 Plancus 67, 2.
ollio. 616. Asinius.

6611881 88 681116688618188 81181188
66118886168688 2, 21, 1. 6681 61888
866 moenibus Romae oonllgit 1616.
2. 6888611, 6886188118 8181611881 116-
monum 186818818, 18 voluptutem 81-

Q 66166. 68116888 agni Pisonl
‚ , .

68. 1218168188 Magnus. 8168 ullust, ’

16, 6. 21, 1. 29, l. Sullae 8881811681 ,
8Ρ18886 8668811 2, 211, l. 8168 genus,
181188, mores 1616. 2. 11818 81668
111111 8618611116 6811181616. 6. Ser-
16116 118188688 1616. 88 1118618118 ,
11111.111“111’ὶ.“111“61.1.,11’..1 foll:
11611161111.“11..11”’,1..1’
1881 'restituit 2, 66, 4. 8181616118
68681612, 61, l. 6811681 6118118681
81 mundetur 88 lege 11861818, 6681
18168116 extraordinario 1616. 2 sq.
181161881 6661881881 118618 8161668- -
1181111 1616. 6 8181168 1816611888
2, 62, 1. 6118188 coercet 161 ,4.1868
11881118 bellum 111161168118681811888-
datur 2, 61, 1. 8168 1816188681..
Lucullo 1616. 2, 186818 8188 (lictum
ln Lucullum 1616. 4. portem 6161188

 

