1113111131 INDEX·

Aelim 01133333331103, 1.
131133 3113111, 113, 3.
1313133313 33311313 111333311331131 .131133831131131,111,3.118,
131. 013131131331311133,1. 13311111133133331333.
13311131133133311331. 1, 11, 1.1, 3,1. 1311111133 sure 33 33313 Ρ. R
1133113313 3111133 31131, 11,.1 L. 1313111113 11311113, qut 31
13313131 31333131 ⁸ulct 1, 3, 1. 1313113331 333 11133 331111,
10. 313131133133333133113311 1, L. 133111133Ρ131133, 313311
11, l. 1 1.. Μ1313113 3311311 1, 13, 13133331333313311311 1, 3,
1. Achaei 13 Pontum Euxinum 13, 1. 3. 13, 3. etus 11113 31 11131
Achate 13 13113313 33333113 l, 3, l. 3. 333. 11113133 1, 11, 3.
11131130. 31313113 311333.1,11, 1. 333331,13,1.1131313 m
313113311 1131111..1113133113 1,13, 1, 13, 3333.
1. 1, 38, 3. .133313 31311331113,1. 13331111333131, 13, 1.
S. Pompelo 33333331 pfl, 1. 1 Vel Aeollorum 33311113 1111131331
13131133131,3.111331,1,1.

1333131111.. 3131111131 cognominatos! 3313111131 3 3113113113 1113133
13, 1. 1, 118, 1. 1111113 1331131, 3, 3. 313
1131111113, Pomp 3113333311133131 33, 3. 13, 3. 31. 0133113 33, 1. 1
.1,.1111111·.111.. ...3. 113 ’111111 1111111.ε
3111313133331131113113311131,,11 313131333133 3 0. Sentio
131313333133113313333111131111111331 ιη arcetum regesne 99, 2,
1113311, 8,1. Aeschylus 333131, 13, 3.
.13113333133111131 83, 1. 38, 1 13331313 3313313 33333111, l
Actium 81,1 proelium 13113 Actium Δ13931311ι3313111311333313 131

inter Octevtenum 31 1313313111, 33 Aetolia 3333311 33, 3.
11331133 0. 013311311 1313313113 ,11-1111313313133111310133111111
3131113 131, 3. 1131, 11,1. 1333113 comoed
3333113 0311111 331133113331331 013- 1, 9, 2.
33113 33, 1. 0. 311.. 01313113 Arl- 1111331113, 3333313113, 1 egatus
313111313313113333131331131,331113333331113,1.33,
’113311131131133131331313133 333331 ,3931111119 im 1,
133,.·,1311011.1.,131.13,.333,1.,33
Adriaticum 131131,13,1. 113,1.3.113,1.311133111
Α33ιι1111333131,18,1,11333131,38,1 eP. 831 111
33333 ex 331331331131133. 11313113 11333 313113311 13313 131.
13333333133 3131113111113.31113113.,1.331313 metor
33333113011113118.3333333313-1,11,3.313311133313311
muto Lepido 3 3333311331 31111131 Amin fluum absa. 1, 11,
31113 1, 13,1. 1311311 tenporibus 33331 313 831313 ,1331111131
113 33331313 313333 ibid. 1111311331, 13,1. 333 333
Aegae! 313113 1331111313 13313333333· mum ’93311133 posu 1
31131 13. 13 31131 33333311 fecerun·
13331133. 313. 811313. c? 8313131133.
Aegisthum 111131 3311113111 133313· Arctoam bellum 111, 2, 119,
11333131, 1,1 3. 11133331 1033111113 3331
Aegyptium 3133131311 1, 33, 3. ebore 30, 1.
Aegyptus 13133113133333331111313313 emen· 133133 1133131 octav
33, 1. cem petit 1331331113 33,1. 1331133.

 

